cw_multicdn_beacon,1594808040,18282,728373737,2xx,5,36550,1,10000,11002,1,0,0,0,0,0,0,550,5550
cw_multicdn_beacon,1594808040,823873873,333,3xx,9,36550,1,10000,11002,0,1,0,0,0,0,0,100,200
cw_multicdn_beacon,1594808040,1111,222,fourexxexx,444,36550,0,10000,11002,0,0,1,0,0,0,0,0,0
cw_multicdn_beacon,1594808040,1111,222,5xx,444,36550,0,10000,11002,0,0,0,1,0,0,0,0,0
cw_multicdn_beacon,12234567780,82361,222,283,7,36550,1,10000,11002,1,0,0,0,0,0,0,100,200
cw_multicdn_beacon,1594808040,122,222,%24%40%5E%25%24%40specialcharacters,9,36550,1,10000,11002,1,0,0,0,0,0,0,100,200
cw_multicdn_beacon,1594808040,2323,222,three33,1,36550,0,90000,187000,0,0,1,0,0,0,0,0,0
cw_multicdn_beacon,1594808040,2323,222,egress,1,36550,1,20000,24201,1,0,0,0,0,0,0,100,200
cw_multicdn_beacon,1594808040,2323,222,three33,1,36550,1,30000,30806,1,0,0,0,0,0,0,1011,10025124
cw_multicdn_beacon,1594808040,2323,222,three33,1,36550,1,40000,50004,1,0,0,0,0,0,0,1003,2004
cw_multicdn_beacon,1594808040,2323,222,whenr41is0,1,36550,1,40000,40003,1,0,0,0,0,0,0,1003,2004
cw_multicdn_beacon,1594808040,2323,222,egress,1,36550,1,9999,1110998,0,1,0,0,0,0,0,551,10562
cw_multicdn_beacon,1594808040,2323,222,three33,1,36550,1,40000,30002,1,0,0,0,0,0,0,1003,2004
cw_multicdn_beacon,1594808040,2323,222,three33,1,36550,1,40000,140009,1,0,0,0,0,0,0,1003,2004
cw_multicdn_beacon,1594808040,2323,222,three33,1,36550,1,40000,154009,1,0,0,0,0,0,0,1003,2004
cw_multicdn_beacon,1594808040,2323,222,three33,dn001,36550,0,0,0,0,0,1,0,0,0,1,0,0
cw_multicdn_beacon,1594808040,2323,222,three33,dn001,36550,1,10000,11002,0,1,0,0,0,0,0,100,200